 1|  0|  2|  2|  2|  0|   -0.0235E0|0.0000E0| 0.2617E0| 0.0000E0| -0.2209E0| 0.0000E0
 2|  0|  2|  0|  1|  0|   -0.0404E0|0.0000E0| 0.3706E0| 0.0000E0| -0.3128E0| 0.0000E0
 2|  0|  2|  0|  2|  0|   -0.0987E0|0.0000E0| 0.9041E0| 0.0000E0| -0.7630E0| 0.0000E0
 0|  0|  2|  2|  1|  0|   -0.0508E0|0.0000E0| 0.4499E0| 0.0000E0| -0.3797E0| 0.0000E0
 0|  0|  2|  2|  2|  0|   -0.1231E0|0.0000E0| 1.0904E0| 0.0000E0| -0.9203E0| 0.0000E0
 1|  0|  2|  0|  0|  0|   -0.0385E0|0.0000E0| 0.2659E0| 0.0000E0| -0.2244E0| 0.0000E0
 1|  0|  2|  0|  1|  0|   -0.4108E0|0.0000E0| 2.8298E0| 0.0000E0| -2.3884E0| 0.0000E0
 1|  0|  2|  0|  2|  0|   -0.9926E0|0.0000E0| 6.8291E0| 0.0000E0| -5.7637E0| 0.0000E0
 3|  0|  0|  0|  0|  0|   -0.0179E0|0.0000E0| 0.1222E0| 0.0000E0| -0.1031E0| 0.0000E0
-1|  0|  2|  2|  1|  0|   -0.0818E0|0.0000E0| 0.5384E0| 0.0000E0| -0.4544E0| 0.0000E0
-1|  0|  2|  2|  2|  0|   -0.1974E0|0.0000E0| 1.2978E0| 0.0000E0| -1.0953E0| 0.0000E0
 1|  0|  0|  2|  0|  0|   -0.0761E0|0.0000E0| 0.4976E0| 0.0000E0| -0.4200E0| 0.0000E0
 2|  0|  2| -2|  2|  0|    0.0216E0|0.0000E0|-0.1060E0| 0.0000E0|  0.0895E0| 0.0000E0
 0|  1|  2|  0|  2|  0|    0.0254E0|0.0000E0|-0.1211E0| 0.0000E0|  0.1022E0| 0.0000E0
 0|  0|  2|  0|  0|  0|   -0.2989E0|0.0000E0| 1.3804E0| 0.0000E0| -1.1650E0| 0.0000E0
 0|  0|  2|  0|  1|  0|   -3.1873E0|0.2010E0|14.6890E0| 0.9266E0|-12.3974E0|-0.7820E0
 0|  0|  2|  0|  2|  0|   -7.8468E0|0.5320E0|36.0910E0| 2.4469E0|-30.4606E0|-2.0652E0
 2|  0|  0|  0| -1|  0|    0.0216E0|0.0000E0|-0.0988E0| 0.0000E0|  0.0834E0| 0.0000E0
 2|  0|  0|  0|  0|  0|   -0.3384E0|0.0000E0| 1.5433E0| 0.0000E0| -1.3025E0| 0.0000E0
 2|  0|  0|  0|  1|  0|    0.0179E0|0.0000E0|-0.0813E0| 0.0000E0|  0.0686E0| 0.0000E0
 0| -1|  2|  0|  2|  0|   -0.0244E0|0.0000E0| 0.1082E0| 0.0000E0| -0.0913E0| 0.0000E0
 0|  0|  0|  2| -1|  0|    0.0470E0|0.0000E0|-0.2004E0| 0.0000E0|  0.1692E0| 0.0000E0
 0|  0|  0|  2|  0|  0|   -0.7341E0|0.0000E0| 3.1240E0| 0.0000E0| -2.6367E0| 0.0000E0
 0|  0|  0|  2|  1|  0|   -0.0526E0|0.0000E0| 0.2235E0| 0.0000E0| -0.1886E0| 0.0000E0
 0| -1|  0|  2|  0|  0|   -0.0508E0|0.0000E0| 0.2073E0| 0.0000E0| -0.1749E0| 0.0000E0
 1|  0|  2| -2|  1|  0|    0.0498E0|0.0000E0|-0.1312E0| 0.0000E0|  0.1107E0| 0.0000E0
 1|  0|  2| -2|  2|  0|    0.1006E0|0.0000E0|-0.2640E0| 0.0000E0|  0.2228E0| 0.0000E0
 1|  1|  0|  0|  0|  0|    0.0395E0|0.0000E0|-0.0968E0| 0.0000E0|  0.0817E0| 0.0000E0
-1|  0|  2|  0|  0|  0|    0.0470E0|0.0000E0|-0.1099E0| 0.0000E0|  0.0927E0| 0.0000E0
-1|  0|  2|  0|  1|  0|    0.1767E0|0.0000E0|-0.4115E0| 0.0000E0|  0.3473E0| 0.0000E0
-1|  0|  2|  0|  2|  0|    0.4352E0|0.0000E0|-1.0093E0| 0.0000E0|  0.8519E0| 0.0000E0
 1|  0|  0|  0| -1|  0|    0.5339E0|0.0000E0|-1.2224E0| 0.0000E0|  1.0317E0| 0.0000E0
 1|  0|  0|  0|  0|  0|   -8.4046E0|0.2500E0|19.1647E0| 0.5701E0|-16.1749E0|-0.4811E0
 1|  0|  0|  0|  1|  0|    0.5443E0|0.0000E0|-1.2360E0| 0.0000E0|  1.0432E0| 0.0000E0
 0|  0|  0|  1|  0|  0|    0.0470E0|0.0000E0|-0.1000E0| 0.0000E0|  0.0844E0| 0.0000E0
 1| -1|  0|  0|  0|  0|   -0.0555E0|0.0000E0| 0.1169E0| 0.0000E0| -0.0987E0| 0.0000E0
-1|  0|  0|  2| -1|  0|    0.1175E0|0.0000E0|-0.2332E0| 0.0000E0|  0.1968E0| 0.0000E0
-1|  0|  0|  2|  0|  0|   -1.8236E0|0.0000E0| 3.6018E0| 0.0000E0| -3.0399E0| 0.0000E0
-1|  0|  0|  2|  1|  0|    0.1316E0|0.0000E0|-0.2587E0| 0.0000E0|  0.2183E0| 0.0000E0
 1|  0| -2|  2| -1|  0|    0.0179E0|0.0000E0|-0.0344E0| 0.0000E0|  0.0290E0| 0.0000E0
-1| -1|  0|  2|  0|  0|   -0.0855E0|0.0000E0| 0.1542E0| 0.0000E0| -0.1302E0| 0.0000E0
 0|  2|  2| -2|  2|  0|   -0.0573E0|0.0000E0| 0.0395E0| 0.0000E0| -0.0333E0| 0.0000E0
 0|  1|  2| -2|  1|  0|    0.0329E0|0.0000E0|-0.0173E0| 0.0000E0|  0.0146E0| 0.0000E0
 0|  1|  2| -2|  2|  0|   -1.8847E0|0.0000E0| 0.9726E0| 0.0000E0| -0.8209E0| 0.0000E0
 0|  0|  2| -2|  0|  0|    0.2510E0|0.0000E0|-0.0910E0| 0.0000E0|  0.0768E0| 0.0000E0
 0|  0|  2| -2|  1|  0|    1.1703E0|0.0000E0|-0.4135E0| 0.0000E0|  0.3490E0| 0.0000E0
 0|  0|  2| -2|  2|  0|  -49.7174E0|0.4330E0|17.1056E0| 0.1490E0|-14.4370E0|-0.1257E0
 0|  2|  0|  0|  0|  0|   -0.1936E0|0.0000E0| 0.0666E0| 0.0000E0| -0.0562E0| 0.0000E0
 2|  0|  0| -2| -1|  0|    0.0489E0|0.0000E0|-0.0154E0| 0.0000E0|  0.0130E0| 0.0000E0
 2|  0|  0| -2|  0|  0|   -0.5471E0|0.0000E0| 0.1670E0| 0.0000E0| -0.1409E0| 0.0000E0
 2|  0|  0| -2|  1|  0|    0.0367E0|0.0000E0|-0.0108E0| 0.0000E0|  0.0092E0| 0.0000E0
 0| -1|  2| -2|  1|  0|   -0.0451E0|0.0000E0| 0.0082E0| 0.0000E0| -0.0069E0| 0.0000E0
 0|  1|  0|  0| -1|  0|    0.0921E0|0.0000E0|-0.0167E0| 0.0000E0|  0.0141E0| 0.0000E0
 0| -1|  2| -2|  2|  0|    0.8281E0|0.0000E0|-0.1425E0| 0.0000E0|  0.1202E0| 0.0000E0
 0|  1|  0|  0|  0|  0|  -15.8887E0|0.1530E0| 2.7332E0| 0.0267E0| -2.3068E0|-0.0222E0
 0|  1|  0|  0|  1|  0|   -0.1382E0|0.0000E0| 0.0225E0| 0.0000E0| -0.0190E0| 0.0000E0
 1|  0|  0| -1|  0|  0|    0.0348E0|0.0000E0|-0.0053E0| 0.0000E0|  0.0045E0| 0.0000E0
 2|  0| -2|  0|  0|  0|   -0.1372E0|0.0000E0|-0.0079E0| 0.0000E0|  0.0066E0| 0.0000E0
-2|  0|  2|  0|  1|  0|    0.4211E0|0.0000E0|-0.0203E0| 0.0000E0|  0.0171E0| 0.0000E0
-1|  1|  0|  1|  0|  0|   -0.0404E0|0.0000E0| 0.0008E0| 0.0000E0| -0.0007E0| 0.0000E0
 0|  0|  0|  0|  2|  0|    7.8998E0|0.0000E0| 0.1460E0| 0.0000E0| -0.1232E0| 0.0000E0
 0|  0|  0|  0|  1|  0|-1617.2681E0|0.0000E0|-14.9471E0|0.0000E0| 12.6153E0| 0.0000E0
